#rname	startpos	endpos	numreads	covbases	coverage	meandepth	meanbaseq	meanmapq
tig00000001	1	2775132	24069557	2694193	97.0834	844.16	37.1	59.5
tig00000002	1	216000	218873	211724	98.0204	98.5321	37.5	49.6
tig00000003	1	28873	45175	28382	98.2994	151.64	37.4	57.7
tig00000004	1	14734	4033	12716	86.3038	26.6431	37.4	18.9
tig00000005	1	40013	125478	39486	98.6829	301.926	37.4	46
tig00000006	1	15015	5798	14270	95.0383	37.5951	37.4	15.1
tig00000007	1	16122	18179	15568	96.5637	109.892	37.7	25.9
tig00000008	1	24836	5982	23712	95.4743	23.4106	37.5	33.5
tig00000009	1	16483	17640	15869	96.2749	99.8501	37.2	13
