#rname	startpos	endpos	numreads	covbases	coverage	meandepth	meanbaseq	meanmapq
tig00000001	1	2775132	26666642	2696499	97.1665	932.198	37.2	59.4
tig00000002	1	216000	234742	212064	98.1778	105.375	37.5	49.8
tig00000003	1	28873	46617	28347	98.1782	155.027	37.4	57.1
tig00000004	1	14734	4421	12989	88.1566	29.1778	37.3	19.2
tig00000005	1	40013	145556	39516	98.7579	350.205	37.4	46.4
tig00000006	1	15015	6990	14359	95.631	45.3335	37.4	15.6
tig00000007	1	16122	19481	15679	97.2522	117.377	37.7	26.2
tig00000008	1	24836	6600	23765	95.6877	25.8247	37.5	32.5
tig00000009	1	16483	18125	15477	93.8967	101.837	37.2	13.1
