#rname	startpos	endpos	numreads	covbases	coverage	meandepth	meanbaseq	meanmapq
tig00000001	1	2775132	26544803	2671175	96.254	754.469	37.2	59.2
tig00000002	1	216000	396454	211448	97.8926	178.707	37.3	50.4
tig00000003	1	28873	76626	27708	95.9651	255.139	37.6	58.1
tig00000004	1	14734	4842	12682	86.073	31.8959	37.4	17.9
tig00000005	1	40013	514196	39381	98.4205	1250.09	37.6	50.5
tig00000006	1	15015	9316	14415	96.004	60.6739	37.5	4.45
tig00000007	1	16122	52992	15923	98.7657	321.023	37.9	17.2
tig00000008	1	24836	10913	23543	94.7938	42.6735	37.5	24.4
tig00000009	1	16483	22881	15653	94.9645	127.721	37.1	9.98
