#rname	startpos	endpos	numreads	covbases	coverage	meandepth	meanbaseq	meanmapq
tig00000001	1	2775132	27744401	2682435	96.6597	804.847	37.2	59.2
tig00000002	1	216000	432960	212834	98.5343	195.617	37.3	50.6
tig00000003	1	28873	81731	28528	98.8051	273.891	37.6	58.3
tig00000004	1	14734	5386	12785	86.7721	35.7595	37.4	17.8
tig00000005	1	40013	570205	39560	98.8679	1389.47	37.6	50.7
tig00000006	1	15015	9469	14508	96.6234	61.8137	37.4	4.25
tig00000007	1	16122	57711	15779	97.8725	350.534	37.9	17.9
tig00000008	1	24836	11861	24066	96.8997	46.58	37.6	24.6
tig00000009	1	16483	25149	15871	96.2871	141.169	37.2	10.2
