#rname	startpos	endpos	numreads	covbases	coverage	meandepth	meanbaseq	meanmapq
tig00000001	1	2775132	24720332	2659330	95.8272	705.572	37.2	59.2
tig00000002	1	216000	372896	210752	97.5704	167.928	37.3	50.6
tig00000003	1	28873	65527	27792	96.256	216.671	37.6	58
tig00000004	1	14734	4629	12679	86.0527	30.6155	37.4	17.3
tig00000005	1	40013	460304	39248	98.0881	1118.14	37.6	50.2
tig00000006	1	15015	8425	14408	95.9574	54.7696	37.5	3.87
tig00000007	1	16122	51100	15681	97.2646	309.409	37.9	18.4
tig00000008	1	24836	9771	23887	96.1789	38.1076	37.6	24.3
tig00000009	1	16483	22197	15487	93.9574	121.848	37.1	9.06
